#type size quick intro
0 500 94 69
0 600 112 81
0 700 131 100
0 800 158 118
0 900 171 141
0 1000 204 146
0 1100 219 228
0 1200 251 184
0 1300 316 222
0 1400 339 251
0 1500 316 235
0 1600 327 268
0 1700 363 266
0 1800 372 283
0 1900 387 303
0 2000 481 404
0 2100 553 452
0 2200 593 421
0 2300 541 406
0 2400 532 406
0 2500 540 537
0 2600 693 567
0 2700 720 527
0 2800 614 466
0 2900 626 493
0 3000 750 591
0 3100 719 611
0 3200 704 540
0 3300 720 585
0 3400 898 676
0 3500 917 604
0 3600 776 821
0 3700 1169 709
0 3800 874 662
0 3900 867 678
0 4000 926 711
0 4100 949 2129
0 4200 973 762
0 4300 951 776
0 4400 976 766
0 4500 1181 840
0 4600 1008 826
0 4700 1052 825
0 4800 1293 867
0 4900 1144 888
0 5000 1231 1035
0 5100 1208 919
0 5200 1252 970
0 5300 1208 1031
0 5400 1198 975
0 5500 1552 1341
0 5600 1456 1128
0 5700 1353 1038
0 5800 1315 1064
0 5900 1459 1077
0 6000 1348 1082
0 6100 1427 1118
0 6200 1422 1149
0 6300 1592 1151
0 6400 1446 1197
0 6500 1596 1209
0 6600 1489 1417
0 6700 1764 1259
0 6800 1556 3249
0 6900 1907 1536
0 7000 1855 1294
0 7100 1690 1315
0 7200 1656 1345
0 7300 1826 1379
0 7400 1690 1395
0 7500 1723 1416
0 7600 2417 1925
0 7700 2043 1455
0 7800 1772 1456
0 7900 2277 2067
0 8000 2235 1499
0 8100 1848 1802
0 8200 1987 1554
0 8300 2468 1810
0 8400 2148 1587
0 8500 1947 1722
0 8600 1983 1640
0 8700 2163 1669
0 8800 2084 1660
0 8900 2065 1707
0 9000 2085 1705
0 9100 2266 1742
0 9200 2123 2016
0 9300 2342 1878
0 9400 2177 1820
0 9500 2497 1919
0 9600 2279 2075
0 9700 2331 1891
0 9800 2278 1902
0 9900 2322 1960
0 10000 2329 1931
0 10100 2493 1983
0 10200 2392 1991
0 10300 2432 2059
0 10400 2459 2015
0 10500 2434 2088
0 10600 2623 2033
0 10700 2472 2114
0 10800 2506 2068
0 10900 2760 2092
0 11000 2622 2118
0 11100 4163 3336
0 11200 3980 7867
0 11300 3582 2656
0 11400 2904 2207
0 11500 2789 2237
0 11600 2948 2887
0 11700 3476 3019
0 11800 3512 2694
0 11900 3356 3192
0 12000 2929 2478
0 12100 2920 2428
0 12200 2844 2336
0 12300 2858 2375
0 12400 2904 2407
0 12500 3022 2414
0 12600 2956 2472
0 12700 2987 2475
0 12800 2997 3113
0 12900 4582 3406
0 13000 3535 3396
0 13100 4203 3624
0 13200 3276 2823
0 13300 3224 2711
0 13400 3657 3520
0 13500 4252 3233
0 13600 3485 2733
0 13700 3522 2838
0 13800 4367 3741
0 13900 4247 3764
0 14000 3782 3354
0 14100 4375 3738
0 14200 4300 3815
0 14300 4351 3812
0 14400 4341 3825
0 14500 4405 3766
0 14600 4619 2976
0 14700 3498 2887
0 14800 3469 3207
0 14900 3492 2979
0 15000 3533 2989
0 15100 3576 2989
0 15200 3795 3045
0 15300 3625 3093
0 15400 3628 3083
0 15500 3630 3158
0 15600 3755 3944
0 15700 3967 3228
0 15800 3903 3320
0 15900 3901 3151
0 16000 3976 3201
0 16100 3852 3379
0 16200 4001 3299
0 16300 3966 3311
0 16400 3885 3806
0 16500 3956 3281
0 16600 5606 4426
0 16700 5378 4156
0 16800 4314 3490
0 16900 3982 3406
0 17000 4087 3516
0 17100 4103 3552
0 17200 4082 3415
0 17300 4108 3740
0 17400 4235 4259
0 17500 4228 3699
0 17600 4242 3723
0 17700 4259 3654
0 17800 4393 3625
0 17900 4381 3773
0 18000 4703 4158
0 18100 4575 3856
0 18200 4351 3814
0 18300 4753 4293
0 18400 4838 4348
0 18500 4744 3863
0 18600 5012 3934
0 18700 4803 4083
0 18800 4885 4144
0 18900 4656 3843
0 19000 4591 3906
0 19100 5369 7011
0 19200 4506 4050
0 19300 4764 3843
0 19400 4743 4481
0 19500 4846 4359
0 19600 5901 4032
0 19700 4647 4018
0 19800 4746 3984
0 19900 4965 4050
0 20000 4767 4058
0 20100 4816 4019
0 20200 5036 4077
0 20300 4800 4240
0 20400 4842 4151
0 20500 4822 4166
0 20600 4893 4112
0 20700 4903 4202
0 20800 4963 4612
0 20900 5099 4237
0 21000 5110 4328
0 21100 4995 4612
0 21200 5190 4538
0 21300 5122 4596
0 21400 5479 4446
0 21500 5430 4665
0 21600 5484 4766
0 21700 5464 4663
0 21800 5534 4526
0 21900 5553 4590
0 22000 5574 5290
0 22100 5370 4562
0 22200 5500 4988
0 22300 5943 4593
0 22400 5493 4674
0 22500 5627 4673
0 22600 5623 4910
0 22700 5700 4717
0 22800 5620 5185
0 22900 5924 4666
0 23000 5655 4800
0 23100 5502 4774
0 23200 6007 5085
0 23300 5716 4967
0 23400 5730 5083
0 23500 7106 4987
0 23600 6043 6276
0 23700 7305 6429
0 23800 7041 5054
0 23900 5732 4898
0 24000 5884 5068
0 24100 5937 5721
0 24200 6655 5176
0 24300 6426 5608
0 24400 6767 7674
0 24500 8404 6665
0 24600 6972 5027
0 24700 5879 5060
0 24800 6826 5959
0 24900 7015 5693
0 25000 6602 5483
0 25100 6715 5822
0 25200 6368 5634
0 25300 6238 5179
0 25400 6516 6145
0 25500 6658 8829
0 25600 7593 6482
0 25700 7620 5861
0 25800 6184 5581
0 25900 7739 6061
0 26000 7348 7684
0 26100 7377 6065
0 26200 6678 5512
0 26300 6344 5624
0 26400 6730 6460
0 26500 7361 5507
0 26600 7268 5886
0 26700 6669 5911
0 26800 7926 5845
0 26900 6768 6385
0 27000 7447 6203
0 27100 6754 5569
0 27200 6786 5867
0 27300 6657 5726
0 27400 6708 5760
0 27500 6618 5725
0 27600 6639 5877
0 27700 6732 6445
0 27800 7032 6113
0 27900 7404 5976
0 28000 7291 6329
0 28100 7126 6236
0 28200 7167 5970
0 28300 6918 6298
0 28400 6956 6149
0 28500 7173 37626
0 28600 16261 5870
0 28700 7527 7105
0 28800 12479 20564
0 28900 6820 6334
0 29000 7171 5971
0 29100 6949 6008
0 29200 7018 6023
0 29300 6924 5970
0 29400 7323 6239
0 29500 7198 6460
0 29600 7278 6054
0 29700 7444 6204
0 29800 7496 6284
0 29900 7514 6262
0 30000 7164 6458
0 30100 7256 6261
0 30200 7545 7957
0 30300 7696 6359
0 30400 7681 6349
0 30500 7615 6544
0 30600 7373 6468
0 30700 7608 6492
0 30800 7483 6529
0 30900 7465 6548
0 31000 7391 6555
0 31100 8737 6530
0 31200 7417 6463
0 31300 7819 6665
0 31400 7672 6893
0 31500 7784 7058
0 31600 7685 6661
0 31700 7744 6871
0 31800 8245 6985
0 31900 8020 6908
0 32000 8044 6933
0 32100 8208 7006
0 32200 7849 7087
0 32300 8299 7394
0 32400 8651 7478
0 32500 8976 7133
0 32600 8490 7277
0 32700 8396 13193
0 32800 8763 7253
0 32900 8494 7094
0 33000 8728 7539
0 33100 8266 6856
0 33200 8286 6888
0 33300 8160 6903
0 33400 8473 7628
0 33500 8152 7092
0 33600 8218 7285
0 33700 8272 7066
0 33800 10237 7627
0 33900 8532 7361
0 34000 8302 7219
0 34100 8303 7309
0 34200 8235 7135
0 34300 8357 7358
0 34400 8393 7177
0 34500 8489 7569
0 34600 8397 7247
0 34700 8351 7226
0 34800 8504 7592
0 34900 9052 7719
0 35000 9084 7405
0 35100 8610 7266
0 35200 8510 7368
0 35300 8455 7450
0 35400 8457 7401
0 35500 8577 7462
0 35600 8700 7417
0 35700 9025 7499
0 35800 9055 7442
0 35900 8785 7645
0 36000 8942 7818
0 36100 8775 7729
0 36200 9161 7830
0 36300 8725 8011
0 36400 8768 7618
0 36500 8918 8142
0 36600 8862 7592
0 36700 9013 7619
0 36800 9035 7876
0 36900 8905 7788
0 37000 9237 7976
0 37100 8962 7846
0 37200 9013 8518
0 37300 11060 7928
0 37400 9339 7876
0 37500 9123 8073
0 37600 9454 7898
0 37700 9217 8094
0 37800 9169 8214
0 37900 9604 8016
0 38000 9388 8238
0 38100 9471 7951
0 38200 9239 8066
0 38300 9176 8045
0 38400 9245 8266
0 38500 9722 8501
0 38600 9716 8385
0 38700 9538 8207
0 38800 9779 8199
0 38900 9778 8175
0 39000 9414 8248
0 39100 9927 9196
0 39200 9835 8385
0 39300 9405 8200
0 39400 9699 8199
0 39500 9918 8325
0 39600 9500 8295
0 39700 9691 8467
0 39800 9733 8958
0 39900 9919 8584
0 40000 9634 8331
0 40100 9782 8423
0 40200 9713 8488
0 40300 10223 8644
0 40400 9951 8798
0 40500 9894 8626
0 40600 10169 8818
0 40700 9985 9111
0 40800 10082 8756
0 40900 9897 8638
0 41000 10079 8985
0 41100 10039 9064
0 41200 9940 8937
0 41300 10139 8624
0 41400 9955 8828
0 41500 10402 8678
0 41600 10336 9192
0 41700 10531 8940
0 41800 10259 9226
0 41900 10303 8980
0 42000 10241 9020
0 42100 10387 8792
0 42200 10455 8885
0 42300 10354 8864
0 42400 10881 9355
0 42500 10656 9137
0 42600 10274 8854
0 42700 11253 8966
0 42800 10348 8885
0 42900 10395 9171
0 43000 10433 9100
0 43100 10379 9018
0 43200 10536 9466
0 43300 10779 9368
0 43400 10790 9103
0 43500 10751 9286
0 43600 10871 9424
0 43700 10931 9435
0 43800 10922 9589
0 43900 10861 9212
0 44000 10640 9536
0 44100 10858 10093
0 44200 10957 9329
0 44300 10653 9366
0 44400 11046 9566
0 44500 11164 9563
0 44600 10951 9606
0 44700 11747 9565
0 44800 11024 9584
0 44900 10935 9658
0 45000 10944 9467
0 45100 11046 9634
0 45200 11318 9724
0 45300 11224 9612
0 45400 11542 9874
0 45500 11498 9511
0 45600 11178 9884
0 45700 11355 10475
0 45800 11519 9689
0 45900 11439 9724
0 46000 11086 9666
0 46100 11207 9947
0 46200 11585 9855
0 46300 11619 11483
0 46400 11693 10025
0 46500 13005 10001
0 46600 11326 9761
0 46700 11302 9801
0 46800 11702 9978
0 46900 12697 10803
0 47000 12746 10751
0 47100 12085 10003
0 47200 11596 10243
0 47300 11899 9850
0 47400 11424 10239
0 47500 11879 10015
0 47600 11784 10098
0 47700 12173 10503
0 47800 12024 10505
0 47900 11706 11030
0 48000 13680 10115
0 48100 11943 10519
0 48200 12140 10644
0 48300 11843 10179
0 48400 12059 10361
0 48500 12341 10473
0 48600 12455 10145
0 48700 11828 10829
0 48800 12063 10250
0 48900 11999 10503
0 49000 12018 10646
0 49100 12164 10388
0 49200 12595 11249
0 49300 13428 11132
0 49400 12485 10729
0 49500 12264 10574
0 49600 12258 11271
0 49700 12879 11013
0 49800 12956 12079
0 49900 13106 11639
0 50000 13925 11839
0 50100 13228 12034
0 50200 13860 10890
0 50300 13213 11116
0 50400 12713 11240
0 50500 13123 11399
0 50600 13055 11124
0 50700 12807 10705
0 50800 16128 10732
0 50900 12964 12352
0 51000 12366 10879
0 51100 12266 10840
0 51200 13039 10807
0 51300 12477 10779
0 51400 13019 11077
0 51500 15018 10859
0 51600 12617 10975
0 51700 12545 10890
0 51800 13272 11346
0 51900 12691 11522
0 52000 13177 11374
0 52100 13718 11412
0 52200 13133 11374
0 52300 12771 11264
0 52400 13554 11653
0 52500 13764 11162
0 52600 13350 11459
0 52700 13358 11357
0 52800 17649 13505
0 52900 13083 11421
0 53000 13148 11304
0 53100 13539 11533
0 53200 14194 12658
0 53300 13354 14117
0 53400 13549 11467
0 53500 13448 11342
0 53600 13131 11867
0 53700 13196 11347
0 53800 13350 11412
0 53900 13209 11696
0 54000 12946 11622
0 54100 14050 12137
0 54200 15097 12683
0 54300 14904 12830
0 54400 14674 12353
0 54500 15394 12349
0 54600 14598 12637
0 54700 14498 13098
0 54800 15192 12710
0 54900 15359 13519
0 55000 14830 12651
0 55100 14920 13885
0 55200 14164 12362
0 55300 13812 11779
0 55400 13752 11844
0 55500 14002 12029
0 55600 14031 11692
0 55700 13533 11776
0 55800 14179 11974
0 55900 14242 12236
0 56000 13826 11694
0 56100 13591 11938
0 56200 13699 12067
0 56300 13918 12124
0 56400 15519 11961
0 56500 13855 13104
0 56600 16814 12900
0 56700 15308 12534
0 56800 13850 12033
0 56900 13904 11896
0 57000 13999 12164
0 57100 14356 12372
0 57200 14476 12668
0 57300 14851 14041
0 57400 14452 12860
0 57500 14872 12434
0 57600 14660 13098
0 57700 15047 12401
0 57800 14654 12980
0 57900 14384 12635
0 58000 14285 12329
0 58100 14193 12796
0 58200 14323 12340
0 58300 14469 16823
0 58400 14819 13514
0 58500 14720 12415
0 58600 14475 13023
0 58700 14833 13846
0 58800 15529 13607
0 58900 14653 15127
0 59000 15728 13116
0 59100 14414 12565
0 59200 14514 12524
0 59300 14546 12507
0 59400 15877 13332
0 59500 15328 13788
0 59600 14974 12693
0 59700 14643 12692
0 59800 14667 12752
0 59900 14717 15667
0 60000 16939 14520
0 60100 15320 13093
0 60200 15076 13189
0 60300 16147 13207
0 60400 14882 13069
0 60500 14734 13565
0 60600 15192 13925
0 60700 14828 12836
0 60800 15081 12925
0 60900 16095 13054
0 61000 14888 12978
0 61100 15060 13593
0 61200 16726 14550
0 61300 15505 13139
0 61400 14937 13242
0 61500 15123 13703
0 61600 15652 13132
0 61700 15392 13130
0 61800 16039 13331
0 61900 15352 13298
0 62000 15177 13199
0 62100 15201 13287
0 62200 15233 14540
0 62300 15266 13333
0 62400 17339 13779
0 62500 15679 13523
0 62600 15812 13839
0 62700 16094 13933
0 62800 15864 13310
0 62900 15354 14480
0 63000 15639 13643
0 63100 15431 13417
0 63200 15550 14727
0 63300 18765 13771
0 63400 16289 13649
0 63500 16212 14034
0 63600 15829 15605
0 63700 16480 14554
0 63800 16807 14117
0 63900 16297 14478
0 64000 15929 13783
0 64100 15817 13882
0 64200 15767 14815
0 64300 15654 13957
0 64400 15933 13737
0 64500 16295 14149
0 64600 15984 16322
0 64700 19313 15321
0 64800 16827 13912
0 64900 16275 14073
0 65000 16573 14444
0 65100 16456 14047
0 65200 16388 14177
0 65300 16527 14301
0 65400 18293 15315
0 65500 18154 14570
0 65600 16244 14143
0 65700 16152 14670
0 65800 16935 14413
0 65900 17008 15824
0 66000 17455 14703
0 66100 17146 14379
0 66200 16969 14976
0 66300 32392 14962
0 66400 16362 14063
0 66500 16379 14440
0 66600 16294 15658
0 66700 17305 14136
0 66800 16995 14560
0 66900 16893 14620
0 67000 16609 14297
0 67100 16772 14515
0 67200 17432 15586
0 67300 18388 14805
0 67400 18255 15539
0 67500 17876 15389
0 67600 18385 15603
0 67700 17602 14787
0 67800 17801 15302
0 67900 17458 14717
0 68000 17190 14535
0 68100 16664 15477
0 68200 17448 15977
0 68300 17253 14823
0 68400 17139 14919
0 68500 18404 16603
0 68600 17487 15549
0 68700 17014 14767
0 68800 18153 16373
0 68900 18875 16546
0 69000 18822 16664
0 69100 18400 16153
0 69200 18721 15835
0 69300 18630 15805
0 69400 18935 16300
0 69500 18607 15835
0 69600 17912 15807
0 69700 17902 16681
0 69800 18012 15790
0 69900 17807 15425
0 70000 18046 16541
0 70100 27123 16690
0 70200 21183 16063
0 70300 18200 15678
0 70400 17667 15161
0 70500 17769 15399
0 70600 18872 15442
0 70700 19342 16134
0 70800 17892 15721
0 70900 17610 15113
0 71000 18033 16799
0 71100 18394 15677
0 71200 17966 15843
0 71300 17649 15529
0 71400 17999 15900
0 71500 18360 15353
0 71600 17939 15674
0 71700 17762 15311
0 71800 17842 15358
0 71900 18748 16850
0 72000 20033 16355
0 72100 18816 15883
0 72200 19107 15739
0 72300 18277 15386
0 72400 17646 15826
0 72500 18362 15752
0 72600 18127 15740
0 72700 18212 15565
0 72800 18414 15940
0 72900 18531 15932
0 73000 18800 15675
0 73100 18231 15884
0 73200 18398 15715
0 73300 18292 15677
0 73400 18520 15886
0 73500 18274 16504
0 73600 19100 17213
0 73700 20102 16789
0 73800 19642 16584
0 73900 18769 16396
0 74000 18477 16503
0 74100 18300 16525
0 74200 18743 16416
0 74300 18892 19195
0 74400 22469 17024
0 74500 19781 16224
0 74600 20069 16149
0 74700 19784 16019
0 74800 18291 16633
0 74900 18824 16466
0 75000 20336 17658
0 75100 18930 16158
0 75200 18420 18327
0 75300 22438 17917
0 75400 18973 18185
0 75500 22491 20007
0 75600 20990 21559
0 75700 21444 16215
0 75800 18906 16761
0 75900 19313 17835
0 76000 22026 18924
0 76100 21701 17874
0 76200 19609 18078
0 76300 19528 17012
0 76400 20887 17155
0 76500 20390 18291
0 76600 20702 16340
0 76700 19481 18459
0 76800 21985 18312
0 76900 19589 16807
0 77000 20468 17590
0 77100 19479 16891
0 77200 18748 16945
0 77300 19079 16775
0 77400 19107 17706
0 77500 19561 18002
0 77600 19777 19613
0 77700 20891 18413
0 77800 19992 16812
0 77900 19681 17624
0 78000 19773 16496
0 78100 19258 17450
0 78200 23780 16538
0 78300 19203 19169
0 78400 22132 21344
0 78500 19709 16962
0 78600 19862 18695
0 78700 19235 17205
0 78800 19950 17221
0 78900 19671 16926
0 79000 20169 25387
0 79100 32431 19017
0 79200 22064 18791
0 79300 22642 17160
0 79400 20142 17165
0 79500 26335 20310
0 79600 19545 17017
0 79700 19913 17464
0 79800 22139 22475
0 79900 22986 17680
0 80000 20221 18459
0 80100 21452 17254
0 80200 20388 17496
0 80300 19795 17120
0 80400 19987 17857
0 80500 20806 18373
0 80600 20817 17341
0 80700 21279 18935
0 80800 22206 19279
0 80900 21603 17915
0 81000 20663 18846
0 81100 21652 19106
0 81200 21246 17713
0 81300 21286 18075
0 81400 21125 17467
0 81500 20571 19760
0 81600 21839 19054
0 81700 20826 17980
0 81800 20406 17786
0 81900 33523 19615
0 82000 21294 17889
0 82100 20828 18653
0 82200 21327 20287
0 82300 21372 18180
0 82400 20923 17622
0 82500 21215 18435
0 82600 20539 17796
0 82700 20699 18065
0 82800 20838 18220
0 82900 23428 18329
0 83000 20911 17826
0 83100 20446 17846
0 83200 20516 17779
0 83300 20580 19768
0 83400 22358 18719
0 83500 22795 20083
0 83600 22695 20047
0 83700 21913 18578
0 83800 21883 18755
0 83900 23981 20640
0 84000 21244 18252
0 84100 21281 18076
0 84200 21318 18802
0 84300 23571 20279
0 84400 22079 18636
0 84500 22146 18085
0 84600 25039 17980
0 84700 21073 18144
0 84800 21163 18287
0 84900 22309 19589
0 85000 23500 19038
0 85100 21403 18229
0 85200 21069 18345
0 85300 21617 18636
0 85400 21713 18749
0 85500 22035 18386
0 85600 21973 18844
0 85700 22581 18681
0 85800 22104 19016
0 85900 22194 19254
0 86000 21264 19019
0 86100 21731 18626
0 86200 22117 18597
0 86300 23691 21294
0 86400 24093 19377
0 86500 22006 19090
0 86600 22633 19340
0 86700 21948 19566
0 86800 22685 18930
0 86900 21949 19252
0 87000 21894 18600
0 87100 21569 19497
0 87200 22408 18969
0 87300 23289 19358
0 87400 22141 18738
0 87500 21768 19899
0 87600 22147 19234
0 87700 23896 19601
0 87800 22259 19306
0 87900 21909 19065
0 88000 21944 18796
0 88100 21725 19180
0 88200 21970 19761
0 88300 22776 20692
0 88400 24861 19526
0 88500 22260 21640
0 88600 24236 21228
0 88700 25493 21765
0 88800 24956 20849
0 88900 25216 20686
0 89000 23393 19860
0 89100 22154 19965
0 89200 30414 19730
0 89300 22154 19266
0 89400 21920 20746
0 89500 22219 19570
0 89600 26848 20818
0 89700 36749 19796
0 89800 23557 22766
0 89900 22586 19490
0 90000 22239 19341
0 90100 22899 20315
0 90200 24008 20614
0 90300 23151 20623
0 90400 24335 19814
0 90500 23424 20046
0 90600 26132 20953
0 90700 24566 20525
0 90800 24085 21067
0 90900 24225 21860
0 91000 24328 21207
0 91100 24144 21008
0 91200 45498 19674
0 91300 22523 20729
0 91400 22954 20639
0 91500 24103 20626
0 91600 23836 21032
0 91700 23896 21508
0 91800 24019 19652
0 91900 24376 20166
0 92000 23824 20404
0 92100 23941 20584
0 92200 24653 21252
0 92300 24522 21200
0 92400 24846 21957
0 92500 25350 22092
0 92600 25198 21784
0 92700 25319 20305
0 92800 23402 20078
0 92900 23486 20885
0 93000 23862 20819
0 93100 24351 20230
0 93200 23538 20650
0 93300 23854 20055
0 93400 23032 20768
0 93500 23375 20501
0 93600 23273 20547
0 93700 23973 20408
0 93800 29121 21831
0 93900 23610 20274
0 94000 23359 20059
0 94100 24111 20870
0 94200 24515 21015
0 94300 23843 20644
0 94400 24431 20467
0 94500 24236 20845
0 94600 24438 20813
0 94700 23683 21488
0 94800 23506 20753
0 94900 24182 21917
0 95000 24156 21207
0 95100 23611 20791
0 95200 24210 20830
0 95300 23898 22404
0 95400 23811 20504
0 95500 23735 20492
0 95600 24015 20777
0 95700 24721 20833
0 95800 24426 20903
0 95900 23881 21039
0 96000 23886 21691
0 96100 24294 20755
0 96200 24320 20816
0 96300 23838 20659
0 96400 24584 22077
0 96500 25459 21369
0 96600 24606 20924
0 96700 23936 21964
0 96800 25711 21395
0 96900 24881 21626
0 97000 24676 20876
0 97100 24409 22251
0 97200 24217 21206
0 97300 24237 20616
0 97400 24305 21458
0 97500 24772 21447
0 97600 24943 21148
0 97700 24166 21158
0 97800 24837 21708
0 97900 25084 21226
0 98000 25065 21217
0 98100 25104 22109
0 98200 25613 21449
0 98300 24332 21638
0 98400 25411 21471
0 98500 25350 22053
0 98600 25217 21615
0 98700 25150 21470
0 98800 24605 21746
0 98900 25374 21672
0 99000 24443 21418
0 99100 25405 21209
0 99200 24547 21267
0 99300 24846 21394
0 99400 25064 22157
0 99500 25352 21522
0 99600 25185 22359
0 99700 25035 21876
0 99800 25474 21829
0 99900 25245 22430
0 100000 27405 22190
1 500 51 28
1 600 58 32
1 700 73 43
1 800 84 44
1 900 97 80
1 1000 112 65
1 1100 185 69
1 1200 123 72
1 1300 130 106
1 1400 197 96
1 1500 152 93
1 1600 163 101
1 1700 173 110
1 1800 187 129
1 1900 216 168
1 2000 202 160
1 2100 321 134
1 2200 235 141
1 2300 240 148
1 2400 275 220
1 2500 281 161
1 2600 274 164
1 2700 322 234
1 2800 376 288
1 2900 450 307
1 3000 494 304
1 3100 430 286
1 3200 491 226
1 3300 447 267
1 3400 420 377
1 3500 693 413
1 3600 559 379
1 3700 748 427
1 3800 631 366
1 3900 688 384
1 4000 621 389
1 4100 619 289
1 4200 453 278
1 4300 460 313
1 4400 478 297
1 4500 481 333
1 4600 504 306
1 4700 503 309
1 4800 504 319
1 4900 533 327
1 5000 650 372
1 5100 640 419
1 5200 576 381
1 5300 582 368
1 5400 598 360
1 5500 614 394
1 5600 614 451
1 5700 633 392
1 5800 661 400
1 5900 657 412
1 6000 666 425
1 6100 925 433
1 6200 709 440
1 6300 747 441
1 6400 715 456
1 6500 805 471
1 6600 733 595
1 6700 842 568
1 6800 802 495
1 6900 791 654
1 7000 843 489
1 7100 812 543
1 7200 808 496
1 7300 1400 545
1 7400 822 528
1 7500 828 522
1 7600 835 631
1 7700 905 546
1 7800 890 554
1 7900 896 584
1 8000 1003 563
1 8100 916 588
1 8200 908 576
1 8300 945 617
1 8400 927 617
1 8500 947 596
1 8600 978 611
1 8700 982 613
1 8800 985 626
1 8900 986 645
1 9000 1037 674
1 9100 1038 673
1 9200 1020 666
1 9300 1075 689
1 9400 1064 801
1 9500 1057 695
1 9600 1281 684
1 9700 1100 719
1 9800 1110 715
1 9900 1107 729
1 10000 1123 751
1 10100 1134 1009
1 10200 1140 736
1 10300 1167 728
1 10400 1186 764
1 10500 1188 761
1 10600 1198 826
1 10700 1233 800
1 10800 1212 774
1 10900 1327 791
1 11000 1482 804
1 11100 1269 1339
1 11200 1645 817
1 11300 1283 884
1 11400 1300 914
1 11500 1297 1066
1 11600 1314 834
1 11700 1330 851
1 11800 1601 849
1 11900 1339 873
1 12000 1383 860
1 12100 1374 868
1 12200 1376 910
1 12300 1389 897
1 12400 1371 965
1 12500 1401 892
1 12600 1422 912
1 12700 1437 917
1 12800 1440 959
1 12900 1748 943
1 13000 1515 923
1 13100 1701 995
1 13200 1487 950
1 13300 1669 1044
1 13400 1504 972
1 13500 1574 964
1 13600 1538 997
1 13700 1629 1150
1 13800 1612 1052
1 13900 1628 1128
1 14000 1594 1078
1 14100 2230 1512
1 14200 1811 1356
1 14300 1776 1112
1 14400 2116 1057
1 14500 1819 1196
1 14600 1990 1197
1 14700 1915 1312
1 14800 1696 1343
1 14900 2170 1122
1 15000 1941 1316
1 15100 1755 1179
1 15200 1899 1198
1 15300 1819 1167
1 15400 2088 1256
1 15500 1900 1476
1 15600 1813 1202
1 15700 2243 1178
1 15800 1998 1218
1 15900 1964 1252
1 16000 1865 1355
1 16100 1901 1235
1 16200 1958 1218
1 16300 1932 1356
1 16400 2250 1220
1 16500 1941 1482
1 16600 1945 1515
1 16700 2018 1242
1 16800 2139 1254
1 16900 2083 1382
1 17000 2191 1504
1 17100 2044 1334
1 17200 2022 1246
1 17300 2168 1341
1 17400 2047 1328
1 17500 2095 1364
1 17600 2165 1296
1 17700 2081 1578
1 17800 2056 1328
1 17900 2259 1375
1 18000 2210 1456
1 18100 2077 1567
1 18200 2049 1379
1 18300 2189 1348
1 18400 2127 1423
1 18500 2197 1409
1 18600 2211 1380
1 18700 2146 1487
1 18800 2132 1399
1 18900 2349 1416
1 19000 2195 1487
1 19100 2149 1427
1 19200 2370 1411
1 19300 2282 1493
1 19400 2207 1450
1 19500 2402 1451
1 19600 2364 1518
1 19700 2366 1483
1 19800 2286 1734
1 19900 2596 1548
1 20000 2491 1659
1 20100 2562 1607
1 20200 2361 1545
1 20300 2345 1587
1 20400 2412 1552
1 20500 2546 1579
1 20600 2516 1542
1 20700 2401 1749
1 20800 2408 1579
1 20900 2774 1625
1 21000 2511 1631
1 21100 2528 1602
1 21200 2503 1746
1 21300 2500 1657
1 21400 3425 1695
1 21500 3010 1649
1 21600 2800 1674
1 21700 2520 1684
1 21800 2559 1974
1 21900 2658 2189
1 22000 2583 2154
1 22100 2633 1986
1 22200 2596 1687
1 22300 2706 1667
1 22400 2778 1779
1 22500 2813 1770
1 22600 2721 1993
1 22700 2602 1735
1 22800 2652 1766
1 22900 2671 1737
1 23000 2730 1763
1 23100 2929 1825
1 23200 2846 1723
1 23300 2716 1776
1 23400 2724 1816
1 23500 2698 1802
1 23600 2767 1792
1 23700 2784 1819
1 23800 2863 1791
1 23900 2805 1841
1 24000 2980 1859
1 24100 2804 1890
1 24200 2833 1971
1 24300 2971 1966
1 24400 2863 2047
1 24500 2855 1861
1 24600 2821 1927
1 24700 2824 1955
1 24800 3190 2175
1 24900 3239 2030
1 25000 2929 2472
1 25100 3112 2102
1 25200 3146 2024
1 25300 3014 2274
1 25400 2988 2414
1 25500 3003 2275
1 25600 3050 2385
1 25700 3026 2092
1 25800 3006 2111
1 25900 3020 2365
1 26000 3067 2284
1 26100 3013 2151
1 26200 3044 2283
1 26300 3061 2106
1 26400 3107 2120
1 26500 3121 2046
1 26600 3112 2144
1 26700 3189 2143
1 26800 3135 2388
1 26900 3086 2064
1 27000 3176 2185
1 27100 3261 2211
1 27200 3694 2130
1 27300 3369 2279
1 27400 3311 2338
1 27500 3560 3050
1 27600 3803 3471
1 27700 3638 2364
1 27800 3392 2253
1 27900 3573 2185
1 28000 3647 2452
1 28100 3455 2334
1 28200 3296 2251
1 28300 3396 2709
1 28400 3435 2269
1 28500 3303 2277
1 28600 3386 2261
1 28700 3590 2310
1 28800 3723 2317
1 28900 3495 2342
1 29000 3758 2972
1 29100 4980 3525
1 29200 4320 2896
1 29300 3685 2414
1 29400 3530 2327
1 29500 3541 2301
1 29600 3627 2344
1 29700 3534 2445
1 29800 3469 2445
1 29900 3522 2345
1 30000 3509 2526
1 30100 3554 2470
1 30200 3591 2344
1 30300 3674 2392
1 30400 3647 2420
1 30500 3677 2364
1 30600 3565 2303
1 30700 3658 2484
1 30800 3773 2485
1 30900 3756 2637
1 31000 3865 2686
1 31100 4181 2822
1 31200 3869 2623
1 31300 4055 2909
1 31400 3943 2668
1 31500 4137 2509
1 31600 4041 2628
1 31700 3924 2731
1 31800 4117 2501
1 31900 3754 2839
1 32000 3783 2640
1 32100 4166 2532
1 32200 3980 2571
1 32300 4176 2885
1 32400 3881 2811
1 32500 4101 2642
1 32600 4122 2948
1 32700 4007 2779
1 32800 4135 2806
1 32900 4208 2781
1 33000 4367 2761
1 33100 7211 6351
1 33200 6393 3099
1 33300 4395 2770
1 33400 4279 2709
1 33500 4181 2904
1 33600 4098 2868
1 33700 4011 2655
1 33800 4084 2723
1 33900 4373 2891
1 34000 4053 2949
1 34100 4369 3029
1 34200 4184 2709
1 34300 4078 2737
1 34400 4011 2687
1 34500 4146 2682
1 34600 4196 2679
1 34700 4182 3007
1 34800 4163 2683
1 34900 4135 2736
1 35000 4649 3070
1 35100 4342 2792
1 35200 4372 2820
1 35300 4177 2883
1 35400 4574 3809
1 35500 7497 3587
1 35600 4616 3175
1 35700 4703 3020
1 35800 4555 2869
1 35900 4752 3186
1 36000 4272 2895
1 36100 4340 2791
1 36200 4429 3047
1 36300 4604 2823
1 36400 4617 3565
1 36500 4364 2882
1 36600 4590 2893
1 36700 4463 3076
1 36800 4403 3155
1 36900 4861 2992
1 37000 4668 3244
1 37100 4744 3039
1 37200 4480 3084
1 37300 4501 2997
1 37400 4680 3349
1 37500 5039 3110
1 37600 4601 3090
1 37700 4717 3054
1 37800 4587 3046
1 37900 4623 3132
1 38000 4956 3082
1 38100 4566 3290
1 38200 4835 4439
1 38300 5301 3688
1 38400 5883 3316
1 38500 5026 3117
1 38600 4741 3223
1 38700 5161 3256
1 38800 5110 3415
1 38900 5479 3573
1 39000 5163 3292
1 39100 5102 3364
1 39200 4909 3354
1 39300 4833 3283
1 39400 5350 3727
1 39500 5380 3751
1 39600 6124 3601
1 39700 4878 3343
1 39800 4981 3255
1 39900 5010 3568
1 40000 5084 3213
1 40100 4948 3614
1 40200 4954 3218
1 40300 5171 3485
1 40400 4997 3398
1 40500 6068 3356
1 40600 5265 3419
1 40700 5124 3655
1 40800 5355 3866
1 40900 5197 3652
1 41000 4964 3442
1 41100 5188 3323
1 41200 5005 3432
1 41300 5319 3599
1 41400 5266 3312
1 41500 5285 3888
1 41600 5518 3613
1 41700 5517 3486
1 41800 5667 3639
1 41900 5581 3728
1 42000 5327 3622
1 42100 5215 4087
1 42200 5597 3582
1 42300 5584 3349
1 42400 5157 3540
1 42500 5190 3743
1 42600 5175 3479
1 42700 5506 3643
1 42800 5343 3511
1 42900 5509 3871
1 43000 5524 4070
1 43100 5986 4033
1 43200 5915 3587
1 43300 5844 4177
1 43400 5681 3762
1 43500 5489 3788
1 43600 5775 4078
1 43700 5830 4027
1 43800 5369 3796
1 43900 5587 3766
1 44000 5680 3614
1 44100 5977 3865
1 44200 6540 3828
1 44300 5808 4175
1 44400 5873 3908
1 44500 6005 3900
1 44600 5760 3862
1 44700 6030 3655
1 44800 6464 3825
1 44900 5716 4688
1 45000 6281 4908
1 45100 5858 3665
1 45200 5609 3825
1 45300 5689 4008
1 45400 5451 3590
1 45500 5635 3850
1 45600 5542 3737
1 45700 5475 3694
1 45800 5504 3773
1 45900 5643 3787
1 46000 5640 3772
1 46100 5575 3691
1 46200 5740 3707
1 46300 5783 3924
1 46400 5730 3713
1 46500 5620 4024
1 46600 5907 3908
1 46700 5552 3712
1 46800 5662 3745
1 46900 5575 4119
1 47000 5845 3944
1 47100 5807 4262
1 47200 6100 3792
1 47300 5878 4232
1 47400 6092 4318
1 47500 5905 3859
1 47600 6177 4351
1 47700 6331 4427
1 47800 6176 4115
1 47900 5836 3999
1 48000 5945 4310
1 48100 5913 4184
1 48200 6072 3876
1 48300 6238 3922
1 48400 5893 4951
1 48500 6018 4031
1 48600 5903 4078
1 48700 6019 4056
1 48800 6129 4025
1 48900 10590 5733
1 49000 6983 4277
1 49100 6203 4294
1 49200 6075 3981
1 49300 5928 4062
1 49400 6021 4047
1 49500 5976 7544
1 49600 7777 4412
1 49700 5985 5211
1 49800 6481 4022
1 49900 6079 4102
1 50000 6182 3958
1 50100 6078 4002
1 50200 6318 4642
1 50300 6069 4212
1 50400 6248 4052
1 50500 6430 4197
1 50600 6754 4579
1 50700 6635 4442
1 50800 6264 4702
1 50900 6326 4259
1 51000 6334 4197
1 51100 8531 4597
1 51200 6337 4299
1 51300 6352 4304
1 51400 6544 4289
1 51500 6367 4106
1 51600 6286 4232
1 51700 6484 4560
1 51800 6326 4156
1 51900 6188 4242
1 52000 6607 4271
1 52100 6746 4646
1 52200 6350 4278
1 52300 6427 4162
1 52400 6363 4266
1 52500 6742 4291
1 52600 7187 4483
1 52700 8420 5141
1 52800 7206 4803
1 52900 6942 4536
1 53000 8080 4654
1 53100 8865 5461
1 53200 6742 4521
1 53300 7049 4747
1 53400 6845 4604
1 53500 6844 4631
1 53600 6873 4603
1 53700 7105 5433
1 53800 6824 4933
1 53900 8016 5427
1 54000 7307 5338
1 54100 8180 4520
1 54200 6803 4696
1 54300 6855 4865
1 54400 6759 4384
1 54500 6741 4711
1 54600 6546 4458
1 54700 6566 4792
1 54800 7689 4655
1 54900 8944 4636
1 55000 6847 4448
1 55100 6725 4544
1 55200 6804 4412
1 55300 6821 4947
1 55400 6703 4614
1 55500 7818 5409
1 55600 6936 4631
1 55700 6911 5214
1 55800 6856 4866
1 55900 6919 4568
1 56000 7485 4866
1 56100 6766 4794
1 56200 6853 4564
1 56300 6814 4558
1 56400 7432 4791
1 56500 6877 4532
1 56600 6844 4601
1 56700 7118 4631
1 56800 7010 4635
1 56900 6993 4589
1 57000 6992 4869
1 57100 7238 4853
1 57200 7013 4786
1 57300 7214 4957
1 57400 7609 5088
1 57500 7059 4737
1 57600 7878 4924
1 57700 7818 5028
1 57800 7065 5064
1 57900 7265 4727
1 58000 7993 4844
1 58100 7123 4823
1 58200 7342 4770
1 58300 7543 4919
1 58400 7013 4802
1 58500 7079 5023
1 58600 7440 5007
1 58700 7460 5183
1 58800 7632 4840
1 58900 7272 5772
1 59000 7777 5659
1 59100 7825 4929
1 59200 7304 4896
1 59300 7126 5016
1 59400 7417 5075
1 59500 7666 5129
1 59600 7346 5086
1 59700 7278 5748
1 59800 7297 5181
1 59900 7265 5028
1 60000 7435 5165
1 60100 7416 4986
1 60200 7832 5362
1 60300 7479 4905
1 60400 7980 5046
1 60500 7448 5042
1 60600 7490 4964
1 60700 7587 5177
1 60800 7511 5117
1 60900 7507 5143
1 61000 7340 5218
1 61100 7915 5151
1 61200 7424 5195
1 61300 7407 5295
1 61400 7966 5454
1 61500 7622 5119
1 61600 7479 5136
1 61700 7933 5554
1 61800 7651 5450
1 61900 7488 5015
1 62000 7622 5201
1 62100 8622 5467
1 62200 7893 5252
1 62300 7955 5584
1 62400 7686 6446
1 62500 8482 5518
1 62600 7826 5208
1 62700 8013 5156
1 62800 8651 5516
1 62900 8865 5398
1 63000 8529 5426
1 63100 7863 5277
1 63200 7976 5232
1 63300 7775 5217
1 63400 7859 5274
1 63500 8054 5664
1 63600 8240 5444
1 63700 8158 5624
1 63800 7686 5093
1 63900 8333 5449
1 64000 7995 5298
1 64100 7808 5277
1 64200 7951 5610
1 64300 8348 5511
1 64400 7749 5310
1 64500 7958 5393
1 64600 7866 5307
1 64700 7754 6380
1 64800 7959 5297
1 64900 8038 5404
1 65000 7946 5358
1 65100 7940 5260
1 65200 7935 5606
1 65300 7972 5314
1 65400 7886 5406
1 65500 8381 5350
1 65600 8007 5438
1 65700 7847 6336
1 65800 8676 5712
1 65900 8520 5639
1 66000 8495 5833
1 66100 8500 5767
1 66200 8443 5948
1 66300 8705 5906
1 66400 8233 5632
1 66500 8284 5611
1 66600 8670 5865
1 66700 8582 5799
1 66800 8295 5609
1 66900 8185 5564
1 67000 8521 5768
1 67100 8267 5945
1 67200 8372 5935
1 67300 8803 5651
1 67400 8566 5588
1 67500 8298 5753
1 67600 8621 5644
1 67700 8322 5999
1 67800 8867 5610
1 67900 8653 5835
1 68000 8439 5792
1 68100 8514 5622
1 68200 8656 5728
1 68300 8739 5767
1 68400 8676 5706
1 68500 8588 5767
1 68600 9045 5895
1 68700 8577 6226
1 68800 8631 6047
1 68900 8896 5802
1 69000 8929 5839
1 69100 8702 5667
1 69200 8527 5822
1 69300 8773 6211
1 69400 8712 5821
1 69500 8571 5802
1 69600 8820 5975
1 69700 9038 6121
1 69800 9177 5989
1 69900 8930 5971
1 70000 8812 5773
1 70100 8708 5877
1 70200 8741 5932
1 70300 9063 5928
1 70400 8838 6175
1 70500 8996 6032
1 70600 9056 6154
1 70700 9837 6186
1 70800 9486 6255
1 70900 9508 6351
1 71000 10069 6062
1 71100 9048 6056
1 71200 8898 6077
1 71300 9061 5891
1 71400 9065 6149
1 71500 9069 5898
1 71600 9426 5963
1 71700 9589 6153
1 71800 9429 6090
1 71900 9171 6325
1 72000 9492 6347
1 72100 9115 6110
1 72200 9159 6235
1 72300 8929 6020
1 72400 9174 6005
1 72500 9207 6120
1 72600 9614 6430
1 72700 9061 6343
1 72800 9026 6738
1 72900 9184 6619
1 73000 9099 5990
1 73100 8938 6469
1 73200 9433 6787
1 73300 9264 6112
1 73400 9239 6381
1 73500 8968 6076
1 73600 9143 6425
1 73700 9360 6600
1 73800 9912 6809
1 73900 9424 7137
1 74000 10321 6750
1 74100 9173 6554
1 74200 10208 6532
1 74300 9511 6358
1 74400 9141 6248
1 74500 9781 6201
1 74600 9445 6226
1 74700 9197 6270
1 74800 9204 6481
1 74900 9322 6523
1 75000 9570 6505
1 75100 9652 6631
1 75200 9315 6398
1 75300 10377 6734
1 75400 9454 6434
1 75500 9682 6658
1 75600 9837 6270
1 75700 10530 7677
1 75800 9419 6452
1 75900 9276 6396
1 76000 9590 6474
1 76100 9656 6798
1 76200 9753 6688
1 76300 9968 6936
1 76400 9626 6757
1 76500 9540 6793
1 76600 9616 6691
1 76700 10251 6443
1 76800 10643 7056
1 76900 9622 7427
1 77000 10109 6600
1 77100 9597 6752
1 77200 9600 6502
1 77300 9557 7392
1 77400 9809 6732
1 77500 10512 6502
1 77600 9755 6685
1 77700 9676 6844
1 77800 10560 6694
1 77900 9851 6932
1 78000 9844 6833
1 78100 9734 6745
1 78200 10731 7881
1 78300 9652 6551
1 78400 9858 6890
1 78500 9648 6718
1 78600 10335 7366
1 78700 10568 8477
1 78800 10666 7201
1 78900 10261 6817
1 79000 9728 6520
1 79100 10237 6913
1 79200 10030 7179
1 79300 10024 7323
1 79400 10357 7254
1 79500 10381 7314
1 79600 9902 7003
1 79700 9911 6562
1 79800 10315 7503
1 79900 10420 7118
1 80000 10569 6825
1 80100 12439 6723
1 80200 10791 7478
1 80300 10254 7137
1 80400 10286 6943
1 80500 10236 6832
1 80600 9958 6833
1 80700 10103 6620
1 80800 10108 7039
1 80900 10792 6959
1 81000 10662 6871
1 81100 10482 7269
1 81200 10250 7065
1 81300 10015 6965
1 81400 10218 7019
1 81500 10155 6931
1 81600 10338 6829
1 81700 10389 7015
1 81800 10527 7224
1 81900 10497 7090
1 82000 10908 6807
1 82100 10515 7046
1 82200 10330 6885
1 82300 10128 7426
1 82400 10541 6907
1 82500 10445 7220
1 82600 10086 7193
1 82700 10374 6998
1 82800 11211 6941
1 82900 10730 7031
1 83000 10664 6964
1 83100 10283 7071
1 83200 11007 7000
1 83300 10625 7214
1 83400 10482 6991
1 83500 10511 6986
1 83600 10380 7266
1 83700 10445 8367
1 83800 11152 7455
1 83900 10346 7025
1 84000 10596 7315
1 84100 10589 7022
1 84200 10520 7317
1 84300 10406 7174
1 84400 10638 7275
1 84500 10474 7392
1 84600 10707 7676
1 84700 10887 7348
1 84800 10936 7705
1 84900 11244 8984
1 85000 11694 7552
1 85100 11011 7736
1 85200 10863 7501
1 85300 10904 7467
1 85400 11042 7201
1 85500 11202 7249
1 85600 10581 7767
1 85700 13158 7773
1 85800 11161 7074
1 85900 10772 7121
1 86000 10773 7526
1 86100 10981 7688
1 86200 11153 7437
1 86300 11310 7489
1 86400 11741 10637
1 86500 11408 7411
1 86600 10856 7503
1 86700 11732 7316
1 86800 10654 7522
1 86900 10874 7395
1 87000 11899 7309
1 87100 10938 7642
1 87200 11110 7651
1 87300 11460 10283
1 87400 11386 7822
1 87500 11988 7658
1 87600 11198 7435
1 87700 11051 7781
1 87800 10963 8366
1 87900 11406 9000
1 88000 11188 7838
1 88100 11466 7727
1 88200 14310 7578
1 88300 11535 7574
1 88400 10981 7385
1 88500 10869 7687
1 88600 10960 7649
1 88700 11437 7673
1 88800 11787 8866
1 88900 11919 8220
1 89000 11207 9040
1 89100 11514 7466
1 89200 11313 7491
1 89300 12316 7640
1 89400 11123 7606
1 89500 12078 7550
1 89600 11927 7637
1 89700 12320 7650
1 89800 11398 8047
1 89900 13465 8799
1 90000 11166 7705
1 90100 11433 7858
1 90200 11196 7786
1 90300 11393 8352
1 90400 12381 8348
1 90500 13110 7708
1 90600 11665 7804
1 90700 11916 9306
1 90800 12266 8153
1 90900 11927 7938
1 91000 11891 7656
1 91100 11259 7667
1 91200 11333 7972
1 91300 11781 7809
1 91400 11798 8792
1 91500 13136 8670
1 91600 12414 8884
1 91700 13722 8475
1 91800 12466 8850
1 91900 12619 8688
1 92000 13121 8428
1 92100 12036 8305
1 92200 12192 8260
1 92300 12739 8478
1 92400 12846 8441
1 92500 11619 8065
1 92600 11893 8226
1 92700 11978 8201
1 92800 12836 8171
1 92900 17068 8069
1 93000 12012 8370
1 93100 11951 10901
1 93200 11861 7979
1 93300 11943 8017
1 93400 11697 7772
1 93500 12249 7924
1 93600 11909 8143
1 93700 12307 8113
1 93800 11845 8316
1 93900 13031 8406
1 94000 11928 8079
1 94100 11560 8757
1 94200 12695 9238
1 94300 12426 8220
1 94400 11807 8429
1 94500 12127 9350
1 94600 12039 9455
1 94700 12982 9052
1 94800 12724 9639
1 94900 15681 9096
1 95000 12664 8376
1 95100 12672 8556
1 95200 11878 9687
1 95300 12832 8449
1 95400 16440 10617
1 95500 13183 8212
1 95600 11928 8292
1 95700 12474 8257
1 95800 12147 10192
1 95900 13002 9722
1 96000 15931 11830
1 96100 14363 8538
1 96200 12440 8172
1 96300 12213 8676
1 96400 12329 8287
1 96500 12116 8357
1 96600 12099 8150
1 96700 12456 8791
1 96800 12744 8411
1 96900 12550 8352
1 97000 13154 9319
1 97100 13420 9538
1 97200 13495 8938
1 97300 13413 9175
1 97400 12739 8586
1 97500 12705 8920
1 97600 12882 8952
1 97700 13090 8633
1 97800 12991 8312
1 97900 12959 8388
1 98000 12702 8367
1 98100 12574 8237
1 98200 12646 8544
1 98300 12238 8505
1 98400 13160 8507
1 98500 12488 8684
1 98600 12211 8344
1 98700 12787 8412
1 98800 12921 8624
1 98900 12414 8381
1 99000 12370 8426
1 99100 12815 8441
1 99200 12564 9011
1 99300 12682 8660
1 99400 12410 8536
1 99500 12852 8394
1 99600 12676 8835
1 99700 12440 8541
1 99800 12684 8547
1 99900 12732 8843
1 100000 12770 8583
2 500 49 27
2 600 57 34
2 700 65 41
2 800 75 45
2 900 87 51
2 1000 97 55
2 1100 106 65
2 1200 117 73
2 1300 126 80
2 1400 138 87
2 1500 147 94
2 1600 365 102
2 1700 175 106
2 1800 183 121
2 1900 196 124
2 2000 208 129
2 2100 214 135
2 2200 227 146
2 2300 278 234
2 2400 322 167
2 2500 268 173
2 2600 325 179
2 2700 288 189
2 2800 294 200
2 2900 310 201
2 3000 319 208
2 3100 330 222
2 3200 345 223
2 3300 354 315
2 3400 627 345
2 3500 523 356
2 3600 540 285
2 3700 429 275
2 3800 413 275
2 3900 430 273
2 4000 555 313
2 4100 479 300
2 4200 463 307
2 4300 479 315
2 4400 490 368
2 4500 498 337
2 4600 528 403
2 4700 529 394
2 4800 548 375
2 4900 555 381
2 5000 564 409
2 5100 826 469
2 5200 607 481
2 5300 824 423
2 5400 633 413
2 5500 631 437
2 5600 687 442
2 5700 678 458
2 5800 686 457
2 5900 690 489
2 6000 704 517
2 6100 731 485
2 6200 734 495
2 6300 746 503
2 6400 766 509
2 6500 917 529
2 6600 786 543
2 6700 803 543
2 6800 815 828
2 6900 829 575
2 7000 838 560
2 7100 848 586
2 7200 888 590
2 7300 875 607
2 7400 893 602
2 7500 899 641
2 7600 923 626
2 7700 935 647
2 7800 939 634
2 7900 1004 648
2 8000 966 706
2 8100 1044 661
2 8200 1234 697
2 8300 984 688
2 8400 1028 727
2 8500 1236 719
2 8600 1039 706
2 8700 1052 730
2 8800 1447 1197
2 8900 1645 859
2 9000 1194 749
2 9100 1117 750
2 9200 1126 822
2 9300 1114 796
2 9400 1149 786
2 9500 1171 795
2 9600 1169 799
2 9700 1188 804
2 9800 1316 828
2 9900 1219 813
2 10000 1213 858
2 10100 1227 858
2 10200 1255 852
2 10300 1389 864
2 10400 1282 882
2 10500 1270 960
2 10600 1290 882
2 10700 1381 1008
2 10800 1325 931
2 10900 1316 934
2 11000 1361 957
2 11100 1361 948
2 11200 1464 1054
2 11300 1876 1330
2 11400 1449 977
2 11500 1426 973
2 11600 1558 993
2 11700 1450 985
2 11800 1728 996
2 11900 1486 1000
2 12000 1668 1111
2 12100 1540 1050
2 12200 1639 1044
2 12300 1535 1142
2 12400 1635 1066
2 12500 1572 1091
2 12600 1588 1101
2 12700 1567 1098
2 12800 1705 1118
2 12900 1588 1101
2 13000 1840 1131
2 13100 1622 1137
2 13200 1774 1160
2 13300 1675 1229
2 13400 1667 1154
2 13500 1693 1281
2 13600 1683 1231
2 13700 1693 1253
2 13800 1783 1173
2 13900 1808 1216
2 14000 1768 1200
2 14100 1846 1281
2 14200 1800 1352
2 14300 1786 1249
2 14400 1832 1291
2 14500 1787 1380
2 14600 1828 1306
2 14700 1864 1348
2 14800 1880 1289
2 14900 2024 1299
2 15000 1885 1394
2 15100 1896 1352
2 15200 1931 1342
2 15300 1926 1351
2 15400 1945 1343
2 15500 2034 1398
2 15600 1968 1385
2 15700 2047 1415
2 15800 2152 1553
2 15900 2253 1593
2 16000 2013 1411
2 16100 2382 1474
2 16200 2086 1643
2 16300 2048 1444
2 16400 2206 1439
2 16500 2301 1512
2 16600 2093 1576
2 16700 2118 1474
2 16800 2241 1506
2 16900 2173 1699
2 17000 2145 1513
2 17100 2298 1534
2 17200 2271 1512
2 17300 2212 1575
2 17400 2196 1714
2 17500 2587 1547
2 17600 2252 1630
2 17700 2237 1777
2 17800 2284 1618
2 17900 2455 1603
2 18000 2323 1614
2 18100 2339 1636
2 18200 2319 1618
2 18300 2609 1652
2 18400 2409 1651
2 18500 2475 1793
2 18600 2427 1833
2 18700 2409 1687
2 18800 2441 1649
2 18900 2556 1848
2 19000 2423 1808
2 19100 2447 1751
2 19200 2449 1698
2 19300 2541 1760
2 19400 2597 1786
2 19500 2674 1805
2 19600 2523 2053
2 19700 2528 1756
2 19800 2563 1743
2 19900 2557 1773
2 20000 2605 1827
2 20100 2616 1820
2 20200 2627 1966
2 20300 2656 1917
2 20400 2641 1897
2 20500 2656 1846
2 20600 2710 1873
2 20700 2799 1869
2 20800 2719 1865
2 20900 2699 2056
2 21000 2717 2015
2 21100 2694 2314
2 21200 2775 1980
2 21300 2751 1939
2 21400 2877 1997
2 21500 2780 1953
2 21600 2896 1936
2 21700 2872 2003
2 21800 2910 1995
2 21900 3052 2046
2 22000 2987 2016
2 22100 3048 2005
2 22200 2918 2056
2 22300 3499 2034
2 22400 3242 2166
2 22500 3213 2042
2 22600 3076 2087
2 22700 2939 2104
2 22800 3051 2072
2 22900 3073 2111
2 23000 3048 2149
2 23100 3094 2152
2 23200 3351 2088
2 23300 3189 2131
2 23400 3099 2163
2 23500 3130 2139
2 23600 3127 2162
2 23700 3091 2181
2 23800 3206 2161
2 23900 3176 2218
2 24000 3304 2216
2 24100 3154 2251
2 24200 3218 2271
2 24300 3252 2222
2 24400 39323 2240
2 24500 4011 3315
2 24600 4844 2307
2 24700 3249 2260
2 24800 3336 2329
2 24900 3555 2253
2 25000 3357 2353
2 25100 20216 2418
2 25200 3363 2355
2 25300 3286 9620
2 25400 3708 2348
2 25500 3429 2424
2 25600 3338 2421
2 25700 3823 3041
2 25800 3499 2425
2 25900 3439 2401
2 26000 3468 2412
2 26100 3546 2409
2 26200 3468 2551
2 26300 3499 2467
2 26400 3441 2471
2 26500 3546 2485
2 26600 3526 2486
2 26700 3543 2507
2 26800 3543 2643
2 26900 3470 2791
2 27000 3583 2531
2 27100 3636 2463
2 27200 3545 2518
2 27300 3605 2517
2 27400 3557 2689
2 27500 3627 2610
2 27600 3614 2833
2 27700 3816 2562
2 27800 3960 2564
2 27900 3907 2631
2 28000 3628 2726
2 28100 3898 2659
2 28200 3755 2746
2 28300 3930 2713
2 28400 3780 2754
2 28500 3751 2712
2 28600 3998 2632
2 28700 3893 3088
2 28800 3816 2767
2 28900 3907 2736
2 29000 3799 2777
2 29100 3861 2870
2 29200 4409 2757
2 29300 3922 2814
2 29400 3899 2778
2 29500 3903 2930
2 29600 3944 2810
2 29700 3982 2849
2 29800 4047 2741
2 29900 3964 2814
2 30000 3968 2884
2 30100 4116 2854
2 30200 4188 2861
2 30300 4107 2922
2 30400 4059 2854
2 30500 4072 2895
2 30600 4251 2948
2 30700 4294 2919
2 30800 4117 3167
2 30900 4142 2906
2 31000 4301 2870
2 31100 4287 3243
2 31200 4220 3090
2 31300 4226 2972
2 31400 4230 3043
2 31500 4206 3006
2 31600 4194 3018
2 31700 4213 3070
2 31800 5149 3120
2 31900 4224 3182
2 32000 4288 3018
2 32100 4312 3064
2 32200 4463 3157
2 32300 4414 3179
2 32400 4394 3005
2 32500 4399 3168
2 32600 4319 3130
2 32700 4618 3110
2 32800 4456 3466
2 32900 4450 3384
2 33000 4668 3254
2 33100 4443 3109
2 33200 4585 3280
2 33300 4557 3151
2 33400 4781 3188
2 33500 4477 3183
2 33600 4480 3405
2 33700 4627 3170
2 33800 4578 3211
2 33900 4540 3233
2 34000 4595 3331
2 34100 4851 3275
2 34200 4561 3361
2 34300 4658 3316
2 34400 4610 3285
2 34500 15294 7040
2 34600 6368 4777
2 34700 6389 6158
2 34800 6972 6284
2 34900 7366 4841
2 35000 6699 4732
2 35100 6528 4752
2 35200 5240 3828
2 35300 6127 3557
2 35400 4887 3363
2 35500 4783 3370
2 35600 4788 3341
2 35700 4729 3441
2 35800 4858 3591
2 35900 4872 3481
2 36000 4841 3415
2 36100 5590 4706
2 36200 5282 3861
2 36300 6368 4030
2 36400 6021 5306
2 36500 5364 3703
2 36600 8619 3925
2 36700 5200 3638
2 36800 5455 4939
2 36900 7097 3810
2 37000 5197 3539
2 37100 4894 3588
2 37200 4911 3576
2 37300 4989 3520
2 37400 5162 3617
2 37500 4973 3638
2 37600 4988 3614
2 37700 4993 3599
2 37800 5207 3669
2 37900 5080 4098
2 38000 5269 3610
2 38100 5130 3742
2 38200 5277 3961
2 38300 5182 3623
2 38400 5402 4006
2 38500 5323 3871
2 38600 5458 3805
2 38700 5553 3903
2 38800 5504 3801
2 38900 5263 3760
2 39000 5506 4034
2 39100 5324 3715
2 39200 5520 3774
2 39300 5354 3793
2 39400 5273 3932
2 39500 5357 3880
2 39600 5387 3808
2 39700 5446 3856
2 39800 5471 4207
2 39900 5468 4049
2 40000 6057 3966
2 40100 5487 3966
2 40200 5667 3982
2 40300 5714 3936
2 40400 5482 4212
2 40500 5790 4228
2 40600 5720 4194
2 40700 5618 4274
2 40800 5430 4136
2 40900 5687 4315
2 41000 5487 3964
2 41100 5518 3965
2 41200 5532 4006
2 41300 5900 4216
2 41400 5676 4352
2 41500 5844 4109
2 41600 5620 4132
2 41700 5742 4008
2 41800 6003 4078
2 41900 5818 4184
2 42000 5739 4244
2 42100 5893 4194
2 42200 5767 4231
2 42300 5780 4716
2 42400 5878 4319
2 42500 5764 4308
2 42600 5715 4205
2 42700 5881 4286
2 42800 5936 4219
2 42900 5831 4505
2 43000 6852 4263
2 43100 6063 4437
2 43200 5975 4408
2 43300 5931 4381
2 43400 5860 4360
2 43500 6175 4647
2 43600 6331 4350
2 43700 5966 4959
2 43800 7196 4483
2 43900 6392 4266
2 44000 6024 4337
2 44100 6024 4426
2 44200 6276 4698
2 44300 6150 4415
2 44400 6010 4384
2 44500 6356 4642
2 44600 6208 4344
2 44700 6531 4468
2 44800 6277 4414
2 44900 6150 4436
2 45000 6140 4412
2 45100 6292 4714
2 45200 6305 4562
2 45300 6210 4589
2 45400 6663 4531
2 45500 6272 4670
2 45600 6178 4558
2 45700 6189 4571
2 45800 6230 4733
2 45900 6310 4567
2 46000 6334 4586
2 46100 6378 4717
2 46200 6397 4586
2 46300 6819 4781
2 46400 6465 4595
2 46500 6417 4631
2 46600 6361 4968
2 46700 6521 4706
2 46800 6448 4754
2 46900 6748 4765
2 47000 6412 4576
2 47100 6429 4690
2 47200 6484 4722
2 47300 6407 4637
2 47400 6381 4628
2 47500 6580 4852
2 47600 7080 4618
2 47700 6505 4740
2 47800 6762 4787
2 47900 6615 4761
2 48000 6560 4777
2 48100 6759 4695
2 48200 7063 4775
2 48300 6601 5352
2 48400 7056 5049
2 48500 6865 4815
2 48600 7189 4853
2 48700 7068 4867
2 48800 6779 4825
2 48900 6660 5129
2 49000 6723 4986
2 49100 8699 4893
2 49200 6879 4841
2 49300 6799 4868
2 49400 7088 5011
2 49500 7069 4825
2 49600 7246 5426
2 49700 7318 5437
2 49800 9066 5462
2 49900 7663 5184
2 50000 7202 5092
2 50100 7041 5361
2 50200 7225 5310
2 50300 7653 5541
2 50400 8131 5187
2 50500 6857 5159
2 50600 7043 5252
2 50700 7133 5099
2 50800 7059 5106
2 50900 7315 5106
2 51000 7077 5349
2 51100 7526 5304
2 51200 7399 6264
2 51300 7995 5667
2 51400 7489 5599
2 51500 7352 5565
2 51600 7218 5303
2 51700 7651 5387
2 51800 7759 5614
2 51900 7549 5504
2 52000 7560 5361
2 52100 7496 5345
2 52200 7047 6342
2 52300 8066 5734
2 52400 7888 5402
2 52500 7450 5411
2 52600 7330 5313
2 52700 7376 5331
2 52800 7272 5294
2 52900 7309 5225
2 53000 7255 5328
2 53100 7942 5445
2 53200 7375 5276
2 53300 7339 5328
2 53400 10281 7079
2 53500 8011 5244
2 53600 7963 5379
2 53700 7476 5844
2 53800 7483 5421
2 53900 7636 5295
2 54000 7428 5343
2 54100 7359 5494
2 54200 8019 5508
2 54300 7764 5559
2 54400 8483 6738
2 54500 9254 6174
2 54600 8232 6664
2 54700 8185 5950
2 54800 7813 8108
2 54900 9728 5486
2 55000 7672 5450
2 55100 7778 5545
2 55200 7529 5402
2 55300 8549 5592
2 55400 8098 5876
2 55500 7675 5677
2 55600 7768 5505
2 55700 7634 5686
2 55800 7932 6031
2 55900 10926 5953
2 56000 8095 5690
2 56100 7848 5554
2 56200 7848 5716
2 56300 7837 5605
2 56400 7938 5625
2 56500 8015 5634
2 56600 7914 6194
2 56700 7825 5787
2 56800 8142 5710
2 56900 7925 5966
2 57000 7987 5995
2 57100 11360 6120
2 57200 7999 5762
2 57300 8037 5827
2 57400 8426 5706
2 57500 7959 6429
2 57600 7855 5978
2 57700 8016 5800
2 57800 8401 5991
2 57900 8034 5761
2 58000 8115 6331
2 58100 8675 5748
2 58200 8455 6016
2 58300 10958 5774
2 58400 8253 5798
2 58500 8003 6169
2 58600 8326 5971
2 58700 8434 6117
2 58800 8498 5808
2 58900 8233 6118
2 59000 8270 6087
2 59100 8415 6087
2 59200 8612 6057
2 59300 8609 5972
2 59400 8235 6328
2 59500 8714 6133
2 59600 8689 6009
2 59700 8321 6039
2 59800 8666 6119
2 59900 8614 6287
2 60000 8969 6613
2 60100 8721 6303
2 60200 8542 8572
2 60300 8224 6100
2 60400 8304 6088
2 60500 8634 6218
2 60600 8956 6075
2 60700 8366 6377
2 60800 8351 6026
2 60900 8411 6186
2 61000 8672 6301
2 61100 8541 6235
2 61200 8590 6603
2 61300 8688 6424
2 61400 8844 6201
2 61500 8845 6147
2 61600 8552 7489
2 61700 9607 7100
2 61800 9440 6814
2 61900 9527 6468
2 62000 8871 6280
2 62100 8687 6217
2 62200 8774 6525
2 62300 8823 6621
2 62400 9012 7253
2 62500 8882 6285
2 62600 8762 6623
2 62700 8980 6476
2 62800 8855 6413
2 62900 9087 6551
2 63000 8776 6726
2 63100 8831 6577
2 63200 8947 6508
2 63300 8872 7028
2 63400 8935 6446
2 63500 8870 6767
2 63600 9038 6473
2 63700 8893 7149
2 63800 8965 6641
2 63900 9075 6529
2 64000 8872 6589
2 64100 8912 6504
2 64200 9168 6599
2 64300 9217 6381
2 64400 8955 6529
2 64500 9209 6570
2 64600 8956 6504
2 64700 9018 6886
2 64800 9683 6890
2 64900 10084 7214
2 65000 9861 6859
2 65100 9207 6943
2 65200 9630 7002
2 65300 9622 6557
2 65400 9525 6614
2 65500 9755 6846
2 65600 9165 6807
2 65700 9285 6720
2 65800 9380 6924
2 65900 9465 7313
2 66000 12173 6668
2 66100 9538 6727
2 66200 9455 6724
2 66300 9190 6618
2 66400 9274 6592
2 66500 9657 6662
2 66600 9454 6595
2 66700 9361 6758
2 66800 9731 6603
2 66900 9487 6940
2 67000 13169 6718
2 67100 9433 6955
2 67200 9706 7163
2 67300 9469 6799
2 67400 9320 7472
2 67500 9388 6882
2 67600 9552 7102
2 67700 9597 6797
2 67800 9294 6768
2 67900 10362 7171
2 68000 12193 7009
2 68100 9649 6928
2 68200 9393 7244
2 68300 9565 6670
2 68400 9550 6763
2 68500 9731 6947
2 68600 9598 7055
2 68700 9993 7344
2 68800 9633 6942
2 68900 9521 7204
2 69000 10622 7588
2 69100 9718 6968
2 69200 10029 7473
2 69300 9988 7480
2 69400 10210 7155
2 69500 10121 6981
2 69600 9986 7241
2 69700 9816 7517
2 69800 10068 7048
2 69900 10185 7735
2 70000 10441 7126
2 70100 10475 7057
2 70200 10040 6950
2 70300 9795 7195
2 70400 10332 7226
2 70500 10391 7332
2 70600 10318 7187
2 70700 10063 7088
2 70800 10058 7230
2 70900 9957 7379
2 71000 10193 7436
2 71100 10022 7255
2 71200 9987 7534
2 71300 10268 7299
2 71400 11589 7465
2 71500 10540 7547
2 71600 10474 7377
2 71700 10319 7529
2 71800 10348 7956
2 71900 10085 7400
2 72000 10232 7417
2 72100 10101 7434
2 72200 10205 7845
2 72300 10733 7615
2 72400 10728 8908
2 72500 10695 7175
2 72600 10193 7579
2 72700 10132 7342
2 72800 10263 8538
2 72900 10083 7368
2 73000 10296 7763
2 73100 10413 7324
2 73200 10304 7724
2 73300 10894 7518
2 73400 10224 7669
2 73500 11292 7344
2 73600 10283 7809
2 73700 10538 8574
2 73800 11520 7636
2 73900 10285 7540
2 74000 10533 7587
2 74100 11109 7533
2 74200 10699 7751
2 74300 10753 8010
2 74400 10517 7664
2 74500 10660 7784
2 74600 10423 7500
2 74700 10453 7998
2 74800 11030 7723
2 74900 10605 7494
2 75000 10700 7558
2 75100 10442 7513
2 75200 10994 7915
2 75300 11031 7579
2 75400 10765 7917
2 75500 10604 7592
2 75600 10784 7740
2 75700 10671 7520
2 75800 10722 7871
2 75900 10698 7724
2 76000 11479 7532
2 76100 10955 7658
2 76200 10712 7820
2 76300 10574 8275
2 76400 10679 7659
2 76500 11628 8186
2 76600 10615 7781
2 76700 10594 7954
2 76800 11010 7696
2 76900 11107 7958
2 77000 10619 7694
2 77100 10917 7790
2 77200 10751 7709
2 77300 11189 8205
2 77400 10772 7784
2 77500 10814 8166
2 77600 11372 7762
2 77700 10698 8250
2 77800 11019 8111
2 77900 11293 7925
2 78000 11500 9222
2 78100 17108 9461
2 78200 12056 9163
2 78300 12504 11141
2 78400 13797 8064
2 78500 16732 9117
2 78600 11313 8000
2 78700 10799 7852
2 78800 10916 8014
2 78900 10972 8114
2 79000 10976 8155
2 79100 11003 8457
2 79200 10975 8570
2 79300 11119 8025
2 79400 11008 8099
2 79500 11796 8228
2 79600 11305 8346
2 79700 11867 8302
2 79800 11217 8418
2 79900 11217 7997
2 80000 11845 8611
2 80100 12725 8124
2 80200 11429 8478
2 80300 11707 8229
2 80400 11508 8780
2 80500 12017 8957
2 80600 12022 8138
2 80700 11106 8781
2 80800 11551 8373
2 80900 11408 8080
2 81000 11663 8341
2 81100 11447 8293
2 81200 11245 8440
2 81300 11744 8556
2 81400 11585 8483
2 81500 11700 8983
2 81600 11415 7957
2 81700 11671 8365
2 81800 11592 8364
2 81900 13868 11527
2 82000 12333 8485
2 82100 12259 8452
2 82200 12431 8699
2 82300 11412 8425
2 82400 11564 8415
2 82500 11496 9194
2 82600 11284 8604
2 82700 11868 8966
2 82800 11683 8173
2 82900 11735 8498
2 83000 12679 8662
2 83100 11619 8410
2 83200 12203 8511
2 83300 13314 10132
2 83400 11533 8577
2 83500 11839 8374
2 83600 11567 8485
2 83700 11497 8224
2 83800 11684 8356
2 83900 12634 8725
2 84000 12299 8591
2 84100 12019 8783
2 84200 11497 8760
2 84300 11814 9751
2 84400 13569 9319
2 84500 12604 8950
2 84600 11965 8867
2 84700 12030 8651
2 84800 12794 9045
2 84900 12061 8536
2 85000 11800 8658
2 85100 11817 8860
2 85200 12000 9559
2 85300 12369 8514
2 85400 12287 8684
2 85500 12107 8655
2 85600 12101 8522
2 85700 12694 8810
2 85800 12331 8743
2 85900 12889 8984
2 86000 12344 8905
2 86100 12132 9538
2 86200 12385 9121
2 86300 13227 10531
2 86400 14010 8925
2 86500 12804 9248
2 86600 11923 9512
2 86700 12563 9445
2 86800 12301 9523
2 86900 12351 8954
2 87000 11961 8768
2 87100 12884 10110
2 87200 12814 9095
2 87300 11981 8710
2 87400 12152 8578
2 87500 11907 8820
2 87600 11924 8462
2 87700 12559 8734
2 87800 12006 8699
2 87900 12283 8715
2 88000 12022 8872
2 88100 12029 8727
2 88200 12441 8785
2 88300 12399 9101
2 88400 12595 9226
2 88500 12666 9084
2 88600 12709 8981
2 88700 12464 9414
2 88800 12560 8724
2 88900 12367 8940
2 89000 13079 8772
2 89100 12386 8888
2 89200 12461 8902
2 89300 12644 9098
2 89400 12380 8976
2 89500 12201 8999
2 89600 12295 8581
2 89700 12437 8852
2 89800 12570 10782
2 89900 14832 8978
2 90000 12447 8970
2 90100 12600 8933
2 90200 12384 8965
2 90300 12303 9217
2 90400 12751 9404
2 90500 12351 9284
2 90600 12559 9270
2 90700 12676 9191
2 90800 12178 9036
2 90900 12531 9113
2 91000 12374 9203
2 91100 12745 8928
2 91200 12664 8703
2 91300 12772 9605
2 91400 12786 9146
2 91500 12720 9022
2 91600 12536 9166
2 91700 13115 9200
2 91800 12592 9560
2 91900 12438 9211
2 92000 12385 9070
2 92100 12570 8935
2 92200 12569 9143
2 92300 12529 8836
2 92400 12368 8956
2 92500 12616 9050
2 92600 12734 9404
2 92700 13059 9521
2 92800 12700 8853
2 92900 12648 9876
2 93000 12704 8884
2 93100 12555 8994
2 93200 12692 9209
2 93300 12976 9599
2 93400 12793 9343
2 93500 12669 9057
2 93600 13152 9057
2 93700 12827 9322
2 93800 12421 9421
2 93900 12930 9018
2 94000 12860 9623
2 94100 12867 9415
2 94200 12750 9040
2 94300 12727 8928
2 94400 12834 9268
2 94500 13283 9428
2 94600 13516 9430
2 94700 13244 9909
2 94800 12845 9911
2 94900 13474 9299
2 95000 13184 9607
2 95100 13058 9227
2 95200 13575 9138
2 95300 14270 9196
2 95400 13238 9399
2 95500 13131 9615
2 95600 14335 9185
2 95700 13074 10163
2 95800 13480 9573
2 95900 14175 9166
2 96000 12997 9134
2 96100 12575 8880
2 96200 12770 9042
2 96300 12753 10192
2 96400 13057 9068
2 96500 12849 9268
2 96600 12443 9249
2 96700 12836 9132
2 96800 12580 9028
2 96900 12624 8945
2 97000 12773 9263
2 97100 13188 9020
2 97200 12784 9130
2 97300 12675 9118
2 97400 13118 8951
2 97500 12668 9123
2 97600 12644 8983
2 97700 12627 9302
2 97800 13095 9395
2 97900 13862 13618
2 98000 14441 8910
2 98100 12901 9290
2 98200 12858 9065
2 98300 12660 8883
2 98400 12492 8685
2 98500 12857 9029
2 98600 13528 8965
2 98700 12913 8828
2 98800 12829 8768
2 98900 12857 8839
2 99000 12588 9085
2 99100 12853 9536
2 99200 13261 8676
2 99300 12698 9515
2 99400 13054 9289
2 99500 13066 8559
2 99600 12623 9035
2 99700 12532 8885
2 99800 13466 8705
2 99900 12835 9393
2 100000 13118 8647