#N S_wide S_narrow rel_err_wide rel_err_narrow
100 1.6527631123 0.9500000000 0.7498496978 0.0058048855
600 0.8587886760 0.9333333333 -0.0907643727 -0.0118408143
1100 0.8219624035 0.9568181818 -0.1297538936 0.0130235808
1600 0.9175265808 0.9515625000 -0.0285760869 0.0074591698
2100 0.9536952413 0.9398809524 0.0097171926 -0.0049085751
2600 1.0283028414 0.9466346154 0.0887073912 0.0022418115
3100 0.8718560631 0.9379032258 -0.0769293814 -0.0070024772
3600 0.9236029157 0.9538194444 -0.0221428159 0.0098486917
4100 0.9627285848 0.9454268293 0.0192811726 0.0009630776
4600 0.9299434392 0.9546195652 -0.0154298375 0.0106958131
5100 0.9760261978 0.9416666667 0.0333599138 -0.0030179644
5600 0.9288112028 0.9515625000 -0.0166285837 0.0074591698
6100 0.8893363710 0.9409836066 -0.0584222455 -0.0037411488
6600 0.9648483410 0.9248106061 0.0215254475 -0.0208641835
7100 0.9557818164 0.9364436620 0.0119263373 -0.0085477787
7600 0.9645382250 0.9365131579 0.0211971147 -0.0084742005
8100 0.9602109585 0.9396604938 0.0166156560 -0.0051419838
8600 0.9416906105 0.9427325581 -0.0029926140 -0.0018894603
9100 0.9476411640 0.9418956044 0.0033074867 -0.0027755784
9600 0.8790431259 0.9472656250 -0.0693201362 0.0029098879
10100 0.9606625429 0.9490099010 0.0170937673 0.0047566261
10600 0.9988118920 0.9448113208 0.0574840849 0.0003114129
11100 0.9257925860 0.9426801802 -0.0198245201 -0.0019449151
11600 0.9579656376 0.9348060345 0.0142384405 -0.0102816037
12100 0.9440917146 0.9463842975 -0.0004504643 0.0019767895
12600 0.9691272031 0.9532738095 0.0260556585 0.0092710051
13100 0.9395590931 0.9442748092 -0.0052493411 -0.0002566144
13600 0.9457636668 0.9469669118 0.0013197017 0.0025936276
14100 0.9529072262 0.9425531915 0.0088828879 -0.0020793633
14600 0.9542343030 0.9457191781 0.0102879198 0.0012725996
15100 0.9541857937 0.9479304636 0.0102365610 0.0036137804
15600 0.9666046709 0.9436698718 0.0233849477 -0.0008970870
16100 0.9915370955 0.9386645963 0.0497819524 -0.0061963824
16600 0.9593288370 0.9471385542 0.0156817169 0.0027753527
17100 0.9477661191 0.9464912281 0.0034397820 0.0020900013
17600 0.9020595463 0.9364346591 -0.0449516856 -0.0085573105
18100 0.9808077488 0.9444751381 0.0384223426 -0.0000445177
18600 0.9931214148 0.9467069892 0.0514593377 0.0023184367
19100 0.9264024837 0.9476439791 -0.0191787958 0.0033104672
19600 0.9870944158 0.9455357143 0.0450783009 0.0010783588
20100 0.9431922941 0.9445895522 -0.0014027185 0.0000766173
20600 0.9599429385 0.9417475728 0.0163318919 -0.0029323057
21100 0.9616160065 0.9398104265 0.0181032393 -0.0049832437
21600 0.9100999491 0.9468171296 -0.0364389736 0.0024350470
22100 0.9607757885 0.9436651584 0.0172136652 -0.0009020773
22600 0.9476931641 0.9365044248 0.0033625415 -0.0084834466
23100 0.9322307853 0.9429653680 -0.0130081282 -0.0016429748
23600 0.9450245712 0.9482521186 0.0005371901 0.0039543301
24100 0.9536568215 0.9406639004 0.0096765159 -0.0040796351
24600 0.9105610260 0.9465447154 -0.0359508121 0.0021466307
25100 0.9555581435 0.9499003984 0.0116895253 0.0056994331
25600 0.9577822999 0.9456542969 0.0140443332 0.0012039071
26100 0.9319840674 0.9452107280 -0.0132693387 0.0007342821
26600 0.9502839655 0.9481203008 0.0061055317 0.0038147690
27100 0.9162485324 0.9445110701 -0.0299292103 -0.0000064750
27600 0.9630550616 0.9464221014 0.0196268273 0.0020168141
28100 0.9497246689 0.9451957295 0.0055133809 0.0007184026
28600 0.9412795266 0.9445367133 -0.0034278459 0.0000206745
29100 0.9518338603 0.9417096220 0.0077464704 -0.0029724858
29600 0.9452806513 0.9402871622 0.0008083129 -0.0044785037
30100 0.9328082604 0.9526993355 -0.0123967310 0.0086627854
30600 0.9124828256 0.9442810458 -0.0339161222 -0.0002500115
31100 0.9487679300 0.9495176849 0.0045004413 0.0052942382
31600 0.9491389057 0.9395965190 0.0048932088 -0.0052097167
32100 0.9304174970 0.9411604361 -0.0149279326 -0.0035539319
32600 0.9227082406 0.9434432515 -0.0230900460 -0.0011370194
33100 0.9325613794 0.9432401813 -0.0126581143 -0.0013520184
33600 0.9322833943 0.9410714286 -0.0129524288 -0.0036481680
34100 0.9531114515 0.9417521994 0.0090991099 -0.0029274073
34600 0.9531065075 0.9429190751 0.0090938754 -0.0016919870
35100 0.9655659812 0.9447293447 0.0222852433 0.0002246215
35600 0.9506391927 0.9472612360 0.0064816256 0.0029052410
36100 0.9528231858 0.9445983380 0.0087939109 0.0000859191
36600 0.9557444034 0.9484631148 0.0118867266 0.0041777205
37100 0.9431258033 0.9435309973 -0.0014731152 -0.0010441193
37600 0.9458397160 0.9423204787 0.0014002182 -0.0023257461
38100 0.9150545810 0.9446194226 -0.0311932968 0.0001082423
38600 0.9848070359 0.9437500000 0.0426565557 -0.0008122519
39100 0.9585379567 0.9463235294 0.0148443787 0.0019124517
39600 0.9194292715 0.9500631313 -0.0265616283 0.0058717253
40100 0.9467566310 0.9504364090 0.0023709946 0.0062669300
40600 0.9149823026 0.9436576355 -0.0312698210 -0.0009100421
41100 0.9480856669 0.9422141119 0.0037781006 -0.0024383611
41600 0.9282770195 0.9457632212 -0.0171941460 0.0013192298
42100 0.9417308889 0.9465558195 -0.0029499696 0.0021583870
42600 0.9461966120 0.9454225352 0.0017780789 0.0009585313
43100 0.9580025847 0.9465487239 0.0142775579 0.0021508746
43600 0.9430025907 0.9442087156 -0.0016035655 -0.0003265905
44100 0.9735363351 0.9440192744 0.0307237916 -0.0005271598
44600 0.9432215757 0.9442825112 -0.0013717169 -0.0002484599
45100 0.9582016479 0.9430986696 0.0144883145 -0.0015018427
45600 0.9430045467 0.9500822368 -0.0016014946 0.0058919531
46100 0.9490154403 0.9475596529 0.0047624908 0.0032211876
46600 0.9315308377 0.9444742489 -0.0137491920 -0.0000454592
47100 0.9517785327 0.9444002123 0.0076878927 -0.0001238448
47600 0.9513804470 0.9418329832 0.0072664227 -0.0028418781
48100 0.9390653565 0.9389812890 -0.0057720807 -0.0058610865
48600 0.9406066514 0.9441100823 -0.0041402470 -0.0004310177
49100 0.9215238439 0.9432281059 -0.0243440166 -0.0013648031
49600 0.9753497684 0.9448084677 0.0326437496 0.0003083923
50100 0.9396124210 0.9452844311 -0.0051928805 0.0008123147
50600 0.9547291217 0.9413784585 0.0108118052 -0.0033231025
51100 0.9507145473 0.9454256360 0.0065614067 0.0009618143
51600 0.9411253701 0.9436531008 -0.0035910578 -0.0009148432
52100 0.9089543999 0.9440259117 -0.0376518146 -0.0005201326
52600 0.9385742658 0.9419439163 -0.0062920191 -0.0027244285
53100 0.9582986740 0.9452212806 0.0145910400 0.0007454546
53600 0.9569774123 0.9414878731 0.0131921648 -0.0032072606
54100 0.9402257914 0.9443391867 -0.0045434795 -0.0001884552
54600 0.9442580031 0.9455128205 -0.0002744077 0.0010541202
55100 0.9365716452 0.9436252269 -0.0084122776 -0.0009443545
55600 0.9643449603 0.9462679856 0.0209924972 0.0018536452
56100 0.9342608723 0.9462566845 -0.0108587899 0.0018416802
56600 0.9567543687 0.9433966431 0.0129560192 -0.0011863657
57100 0.9492278100 0.9469570928 0.0049873355 0.0025832319
57600 0.9612424351 0.9466796875 0.0177077236 0.0022895312
58100 0.9243559211 0.9460413081 -0.0213455775 0.0016136522
58600 0.9398617779 0.9463097270 -0.0049288759 0.0018978385
59100 0.9388194568 0.9442258883 -0.0060324250 -0.0003084090
59600 0.9360002703 0.9460360738 -0.0090172161 0.0016081104
60100 0.9424486535 0.9437188020 -0.0021900421 -0.0008452826
60600 0.9576143484 0.9464315182 0.0138665159 0.0020267839
61100 0.9470728839 0.9493044190 0.0027058247 0.0050684447
61600 0.9526430621 0.9490259740 0.0086032063 0.0047736433
62100 0.9538965278 0.9422705314 0.0099303030 -0.0023786274
62600 0.9518685506 0.9440295527 0.0077831985 -0.0005162777
63100 0.9458667611 0.9447305864 0.0014288520 0.0002259360
63600 0.9546342616 0.9489386792 0.0107113728 0.0046812206
64100 0.9500695729 0.9428627145 0.0058785452 -0.0017516583
64600 0.9342882354 0.9459945820 -0.0108298193 0.0015641813
65100 0.9393584510 0.9460637481 -0.0054617693 0.0016374103
65600 0.9562076400 0.9458269817 0.0123771745 0.0013867358
66100 0.9501512597 0.9437594554 0.0059650305 -0.0008022411
66600 0.9440398382 0.9432432432 -0.0005053881 -0.0013487766
67100 0.9574347897 0.9424180328 0.0136764095 -0.0022224615
67600 0.9446004283 0.9455436391 0.0000881322 0.0010867490
68100 0.9510847244 0.9445668135 0.0069533288 0.0000525428
68600 0.9665447116 0.9448797376 0.0233214662 0.0003838487
69100 0.9585660240 0.9425651230 0.0148740948 -0.0020667309
69600 0.9392477322 0.9441091954 -0.0055789919 -0.0004319567
70100 0.9279716359 0.9383024251 -0.0175174685 -0.0065798282
70600 0.9686332055 0.9447592068 0.0255326424 0.0002562377
71100 0.9515660212 0.9442862166 0.0074628979 -0.0002445369
71600 0.9662390985 0.9441689944 0.0229979009 -0.0003686449
72100 0.9352667820 0.9439320388 -0.0097937910 -0.0006195198
72600 0.9537335024 0.9421487603 0.0097577012 -0.0025075516
73100 0.9452150511 0.9486662107 0.0007388591 0.0043927467
73600 0.9406430725 0.9430536685 -0.0041016865 -0.0015494873
74100 0.9310158804 0.9450067476 -0.0142943990 0.0005183196
74600 0.9388507697 0.9454088472 -0.0059992727 0.0009440392
75100 0.9482642593 0.9419274301 0.0039671839 -0.0027418832
75600 0.9535666416 0.9460317460 0.0095810387 0.0016035284
76100 0.9471736658 0.9411793693 0.0028125268 -0.0035338866
76600 0.9645983454 0.9423629243 0.0212607667 -0.0022808072
77100 0.9350147614 0.9446498054 -0.0100606157 0.0001404099
77600 0.9708354577 0.9456024485 0.0278642593 0.0011490130
78100 0.9271506862 0.9451664533 -0.0183866424 0.0006874066
78600 0.9536599009 0.9466921120 0.0096797763 0.0023026855
79100 0.9641015731 0.9455752212 0.0207348130 0.0011201864
79600 0.9439998592 0.9415672111 -0.0005477154 -0.0031232622
80100 0.9485454743 0.9424625468 0.0042649180 -0.0021753327
80600 0.9601513921 0.9425868486 0.0165525905 -0.0020437291
81100 0.9253411521 0.9445129470 -0.0203024721 -0.0000044879
81600 0.9387341812 0.9480238971 -0.0061227098 0.0037127023
82100 0.9498325517 0.9429811206 0.0056276009 -0.0016262968
82600 0.9431413488 0.9456567797 -0.0014566565 0.0012065358
83100 0.9337228286 0.9466155235 -0.0114284393 0.0022215981
83600 0.9447683313 0.9461722488 0.0002658982 0.0017522846
84100 0.9496711875 0.9458828775 0.0054567579 0.0014459151
84600 0.9371633418 0.9451536643 -0.0077858235 0.0006738664
85100 0.9434241917 0.9460928320 -0.0011571988 0.0016682026
85600 0.9592658911 0.9462908879 0.0156150734 0.0018778927
86100 0.9235464573 0.9444396051 -0.0222025908 -0.0000821380
86600 0.9397690540 0.9429561201 -0.0050270466 -0.0016527659
87100 0.9569216021 0.9421928817 0.0131330762 -0.0024608384
87600 0.9511267709 0.9432505708 0.0069978452 -0.0013410186
88100 0.9401007514 0.9436861521 -0.0046758646 -0.0008798504
88600 0.9469755451 0.9420428894 0.0026027680 -0.0026196416
89100 0.9503906192 0.9468995511 0.0062184504 0.0025223100
89600 0.9295707447 0.9466936384 -0.0158244248 0.0023043016
90100 0.9209592717 0.9457547170 -0.0249417529 0.0013102261
90600 0.9478546014 0.9464403974 0.0035334620 0.0020361847
91100 0.9289922447 0.9416712404 -0.0164369071 -0.0030131220
91600 0.9413277706 0.9444186681 -0.0033767679 -0.0001043049
92100 0.9404398396 0.9425081433 -0.0043168578 -0.0021270577
92600 0.9240228784 0.9463822894 -0.0216981838 0.0019746634
93100 0.9403634186 0.9454350161 -0.0043977678 0.0009717454
93600 0.9459347451 0.9466880342 0.0015008295 0.0022983682
94100 0.9556828649 0.9430260361 0.0118215731 -0.0015787429
94600 0.9379908548 0.9445428118 -0.0069097008 0.0000271313
95100 0.9491094659 0.9472134595 0.0048620396 0.0028546581
95600 0.9521794869 0.9441161088 0.0081123998 -0.0004246372
96100 0.9465172112 0.9401664932 0.0021175107 -0.0046062610
96600 0.9432283454 0.9442805383 -0.0013645495 -0.0002505487
97100 0.9334652267 0.9440396498 -0.0117011733 -0.0005055875
97600 0.9400389038 0.9451972336 -0.0047413453 0.0007199951
98100 0.9401037887 0.9472859327 -0.0046726489 0.0029313885
98600 0.9434218744 0.9428625761 -0.0011596523 -0.0017518049
99100 0.9528870487 0.9453708375 0.0088615252 0.0009037968
99600 0.9360972270 0.9434111446 -0.0089145640 -0.0011710124
